#This is a Karloff instance J(m,m/2,b) with m=10 and b=1
#Optimal Cut Value: 2520.0
#Expected Cut Value: 2220.22320880227
#Ratio of Expected Cut Value to Optimal Cut Value: 0.881040955873917
# [1] Howard Karloff,   “How   good   is   the   Goemans–Williamson MAX-CUT algorithm?” SIAM Journalon Computing 29, 336–350 (1999).
252 3150
1 122 1
1 123 1
1 124 1
1 125 1
1 126 1
1 192 1
1 193 1
1 194 1
1 195 1
1 196 1
1 227 1
1 228 1
1 229 1
1 230 1
1 231 1
1 242 1
1 243 1
1 244 1
1 245 1
1 246 1
1 247 1
1 248 1
1 249 1
1 250 1
1 251 1
2 118 1
2 119 1
2 120 1
2 121 1
2 126 1
2 188 1
2 189 1
2 190 1
2 191 1
2 196 1
2 223 1
2 224 1
2 225 1
2 226 1
2 231 1
2 238 1
2 239 1
2 240 1
2 241 1
2 246 1
2 247 1
2 248 1
2 249 1
2 250 1
2 252 1
3 115 1
3 116 1
3 117 1
3 121 1
3 125 1
3 185 1
3 186 1
3 187 1
3 191 1
3 195 1
3 220 1
3 221 1
3 222 1
3 226 1
3 230 1
3 235 1
3 236 1
3 237 1
3 241 1
3 245 1
3 247 1
3 248 1
3 249 1
3 251 1
3 252 1
4 113 1
4 114 1
4 117 1
4 120 1
4 124 1
4 183 1
4 184 1
4 187 1
4 190 1
4 194 1
4 218 1
4 219 1
4 222 1
4 225 1
4 229 1
4 233 1
4 234 1
4 237 1
4 240 1
4 244 1
4 247 1
4 248 1
4 250 1
4 251 1
4 252 1
5 112 1
5 114 1
5 116 1
5 119 1
5 123 1
5 182 1
5 184 1
5 186 1
5 189 1
5 193 1
5 217 1
5 219 1
5 221 1
5 224 1
5 228 1
5 232 1
5 234 1
5 236 1
5 239 1
5 243 1
5 247 1
5 249 1
5 250 1
5 251 1
5 252 1
6 112 1
6 113 1
6 115 1
6 118 1
6 122 1
6 182 1
6 183 1
6 185 1
6 188 1
6 192 1
6 217 1
6 218 1
6 220 1
6 223 1
6 227 1
6 232 1
6 233 1
6 235 1
6 238 1
6 242 1
6 248 1
6 249 1
6 250 1
6 251 1
6 252 1
7 108 1
7 109 1
7 110 1
7 111 1
7 126 1
7 178 1
7 179 1
7 180 1
7 181 1
7 196 1
7 213 1
7 214 1
7 215 1
7 216 1
7 231 1
7 238 1
7 239 1
7 240 1
7 241 1
7 242 1
7 243 1
7 244 1
7 245 1
7 251 1
7 252 1
8 105 1
8 106 1
8 107 1
8 111 1
8 125 1
8 175 1
8 176 1
8 177 1
8 181 1
8 195 1
8 210 1
8 211 1
8 212 1
8 216 1
8 230 1
8 235 1
8 236 1
8 237 1
8 241 1
8 242 1
8 243 1
8 244 1
8 246 1
8 250 1
8 252 1
9 103 1
9 104 1
9 107 1
9 110 1
9 124 1
9 173 1
9 174 1
9 177 1
9 180 1
9 194 1
9 208 1
9 209 1
9 212 1
9 215 1
9 229 1
9 233 1
9 234 1
9 237 1
9 240 1
9 242 1
9 243 1
9 245 1
9 246 1
9 249 1
9 252 1
10 102 1
10 104 1
10 106 1
10 109 1
10 123 1
10 172 1
10 174 1
10 176 1
10 179 1
10 193 1
10 207 1
10 209 1
10 211 1
10 214 1
10 228 1
10 232 1
10 234 1
10 236 1
10 239 1
10 242 1
10 244 1
10 245 1
10 246 1
10 248 1
10 252 1
11 102 1
11 103 1
11 105 1
11 108 1
11 122 1
11 172 1
11 173 1
11 175 1
11 178 1
11 192 1
11 207 1
11 208 1
11 210 1
11 213 1
11 227 1
11 232 1
11 233 1
11 235 1
11 238 1
11 243 1
11 244 1
11 245 1
11 246 1
11 247 1
11 252 1
12 99 1
12 100 1
12 101 1
12 111 1
12 121 1
12 169 1
12 170 1
12 171 1
12 181 1
12 191 1
12 204 1
12 205 1
12 206 1
12 216 1
12 226 1
12 235 1
12 236 1
12 237 1
12 238 1
12 239 1
12 240 1
12 245 1
12 246 1
12 250 1
12 251 1
13 97 1
13 98 1
13 101 1
13 110 1
13 120 1
13 167 1
13 168 1
13 171 1
13 180 1
13 190 1
13 202 1
13 203 1
13 206 1
13 215 1
13 225 1
13 233 1
13 234 1
13 237 1
13 238 1
13 239 1
13 241 1
13 244 1
13 246 1
13 249 1
13 251 1
14 96 1
14 98 1
14 100 1
14 109 1
14 119 1
14 166 1
14 168 1
14 170 1
14 179 1
14 189 1
14 201 1
14 203 1
14 205 1
14 214 1
14 224 1
14 232 1
14 234 1
14 236 1
14 238 1
14 240 1
14 241 1
14 243 1
14 246 1
14 248 1
14 251 1
15 96 1
15 97 1
15 99 1
15 108 1
15 118 1
15 166 1
15 167 1
15 169 1
15 178 1
15 188 1
15 201 1
15 202 1
15 204 1
15 213 1
15 223 1
15 232 1
15 233 1
15 235 1
15 239 1
15 240 1
15 241 1
15 242 1
15 246 1
15 247 1
15 251 1
16 94 1
16 95 1
16 101 1
16 107 1
16 117 1
16 164 1
16 165 1
16 171 1
16 177 1
16 187 1
16 199 1
16 200 1
16 206 1
16 212 1
16 222 1
16 233 1
16 234 1
16 235 1
16 236 1
16 240 1
16 241 1
16 244 1
16 245 1
16 249 1
16 250 1
17 93 1
17 95 1
17 100 1
17 106 1
17 116 1
17 163 1
17 165 1
17 170 1
17 176 1
17 186 1
17 198 1
17 200 1
17 205 1
17 211 1
17 221 1
17 232 1
17 234 1
17 235 1
17 237 1
17 239 1
17 241 1
17 243 1
17 245 1
17 248 1
17 250 1
18 93 1
18 94 1
18 99 1
18 105 1
18 115 1
18 163 1
18 164 1
18 169 1
18 175 1
18 185 1
18 198 1
18 199 1
18 204 1
18 210 1
18 220 1
18 232 1
18 233 1
18 236 1
18 237 1
18 238 1
18 241 1
18 242 1
18 245 1
18 247 1
18 250 1
19 92 1
19 95 1
19 98 1
19 104 1
19 114 1
19 162 1
19 165 1
19 168 1
19 174 1
19 184 1
19 197 1
19 200 1
19 203 1
19 209 1
19 219 1
19 232 1
19 233 1
19 236 1
19 237 1
19 239 1
19 240 1
19 243 1
19 244 1
19 248 1
19 249 1
20 92 1
20 94 1
20 97 1
20 103 1
20 113 1
20 162 1
20 164 1
20 167 1
20 173 1
20 183 1
20 197 1
20 199 1
20 202 1
20 208 1
20 218 1
20 232 1
20 234 1
20 235 1
20 237 1
20 238 1
20 240 1
20 242 1
20 244 1
20 247 1
20 249 1
21 92 1
21 93 1
21 96 1
21 102 1
21 112 1
21 162 1
21 163 1
21 166 1
21 172 1
21 182 1
21 197 1
21 198 1
21 201 1
21 207 1
21 217 1
21 233 1
21 234 1
21 235 1
21 236 1
21 238 1
21 239 1
21 242 1
21 243 1
21 247 1
21 248 1
22 88 1
22 89 1
22 90 1
22 91 1
22 126 1
22 158 1
22 159 1
22 160 1
22 161 1
22 196 1
22 213 1
22 214 1
22 215 1
22 216 1
22 223 1
22 224 1
22 225 1
22 226 1
22 227 1
22 228 1
22 229 1
22 230 1
22 246 1
22 251 1
22 252 1
23 85 1
23 86 1
23 87 1
23 91 1
23 125 1
23 155 1
23 156 1
23 157 1
23 161 1
23 195 1
23 210 1
23 211 1
23 212 1
23 216 1
23 220 1
23 221 1
23 222 1
23 226 1
23 227 1
23 228 1
23 229 1
23 231 1
23 245 1
23 250 1
23 252 1
24 83 1
24 84 1
24 87 1
24 90 1
24 124 1
24 153 1
24 154 1
24 157 1
24 160 1
24 194 1
24 208 1
24 209 1
24 212 1
24 215 1
24 218 1
24 219 1
24 222 1
24 225 1
24 227 1
24 228 1
24 230 1
24 231 1
24 244 1
24 249 1
24 252 1
25 82 1
25 84 1
25 86 1
25 89 1
25 123 1
25 152 1
25 154 1
25 156 1
25 159 1
25 193 1
25 207 1
25 209 1
25 211 1
25 214 1
25 217 1
25 219 1
25 221 1
25 224 1
25 227 1
25 229 1
25 230 1
25 231 1
25 243 1
25 248 1
25 252 1
26 82 1
26 83 1
26 85 1
26 88 1
26 122 1
26 152 1
26 153 1
26 155 1
26 158 1
26 192 1
26 207 1
26 208 1
26 210 1
26 213 1
26 217 1
26 218 1
26 220 1
26 223 1
26 228 1
26 229 1
26 230 1
26 231 1
26 242 1
26 247 1
26 252 1
27 79 1
27 80 1
27 81 1
27 91 1
27 121 1
27 149 1
27 150 1
27 151 1
27 161 1
27 191 1
27 204 1
27 205 1
27 206 1
27 216 1
27 220 1
27 221 1
27 222 1
27 223 1
27 224 1
27 225 1
27 230 1
27 231 1
27 241 1
27 250 1
27 251 1
28 77 1
28 78 1
28 81 1
28 90 1
28 120 1
28 147 1
28 148 1
28 151 1
28 160 1
28 190 1
28 202 1
28 203 1
28 206 1
28 215 1
28 218 1
28 219 1
28 222 1
28 223 1
28 224 1
28 226 1
28 229 1
28 231 1
28 240 1
28 249 1
28 251 1
29 76 1
29 78 1
29 80 1
29 89 1
29 119 1
29 146 1
29 148 1
29 150 1
29 159 1
29 189 1
29 201 1
29 203 1
29 205 1
29 214 1
29 217 1
29 219 1
29 221 1
29 223 1
29 225 1
29 226 1
29 228 1
29 231 1
29 239 1
29 248 1
29 251 1
30 76 1
30 77 1
30 79 1
30 88 1
30 118 1
30 146 1
30 147 1
30 149 1
30 158 1
30 188 1
30 201 1
30 202 1
30 204 1
30 213 1
30 217 1
30 218 1
30 220 1
30 224 1
30 225 1
30 226 1
30 227 1
30 231 1
30 238 1
30 247 1
30 251 1
31 74 1
31 75 1
31 81 1
31 87 1
31 117 1
31 144 1
31 145 1
31 151 1
31 157 1
31 187 1
31 199 1
31 200 1
31 206 1
31 212 1
31 218 1
31 219 1
31 220 1
31 221 1
31 225 1
31 226 1
31 229 1
31 230 1
31 237 1
31 249 1
31 250 1
32 73 1
32 75 1
32 80 1
32 86 1
32 116 1
32 143 1
32 145 1
32 150 1
32 156 1
32 186 1
32 198 1
32 200 1
32 205 1
32 211 1
32 217 1
32 219 1
32 220 1
32 222 1
32 224 1
32 226 1
32 228 1
32 230 1
32 236 1
32 248 1
32 250 1
33 73 1
33 74 1
33 79 1
33 85 1
33 115 1
33 143 1
33 144 1
33 149 1
33 155 1
33 185 1
33 198 1
33 199 1
33 204 1
33 210 1
33 217 1
33 218 1
33 221 1
33 222 1
33 223 1
33 226 1
33 227 1
33 230 1
33 235 1
33 247 1
33 250 1
34 72 1
34 75 1
34 78 1
34 84 1
34 114 1
34 142 1
34 145 1
34 148 1
34 154 1
34 184 1
34 197 1
34 200 1
34 203 1
34 209 1
34 217 1
34 218 1
34 221 1
34 222 1
34 224 1
34 225 1
34 228 1
34 229 1
34 234 1
34 248 1
34 249 1
35 72 1
35 74 1
35 77 1
35 83 1
35 113 1
35 142 1
35 144 1
35 147 1
35 153 1
35 183 1
35 197 1
35 199 1
35 202 1
35 208 1
35 217 1
35 219 1
35 220 1
35 222 1
35 223 1
35 225 1
35 227 1
35 229 1
35 233 1
35 247 1
35 249 1
36 72 1
36 73 1
36 76 1
36 82 1
36 112 1
36 142 1
36 143 1
36 146 1
36 152 1
36 182 1
36 197 1
36 198 1
36 201 1
36 207 1
36 218 1
36 219 1
36 220 1
36 221 1
36 223 1
36 224 1
36 227 1
36 228 1
36 232 1
36 247 1
36 248 1
37 69 1
37 70 1
37 71 1
37 91 1
37 111 1
37 139 1
37 140 1
37 141 1
37 161 1
37 181 1
37 204 1
37 205 1
37 206 1
37 210 1
37 211 1
37 212 1
37 213 1
37 214 1
37 215 1
37 226 1
37 230 1
37 231 1
37 241 1
37 245 1
37 246 1
38 67 1
38 68 1
38 71 1
38 90 1
38 110 1
38 137 1
38 138 1
38 141 1
38 160 1
38 180 1
38 202 1
38 203 1
38 206 1
38 208 1
38 209 1
38 212 1
38 213 1
38 214 1
38 216 1
38 225 1
38 229 1
38 231 1
38 240 1
38 244 1
38 246 1
39 66 1
39 68 1
39 70 1
39 89 1
39 109 1
39 136 1
39 138 1
39 140 1
39 159 1
39 179 1
39 201 1
39 203 1
39 205 1
39 207 1
39 209 1
39 211 1
39 213 1
39 215 1
39 216 1
39 224 1
39 228 1
39 231 1
39 239 1
39 243 1
39 246 1
40 66 1
40 67 1
40 69 1
40 88 1
40 108 1
40 136 1
40 137 1
40 139 1
40 158 1
40 178 1
40 201 1
40 202 1
40 204 1
40 207 1
40 208 1
40 210 1
40 214 1
40 215 1
40 216 1
40 223 1
40 227 1
40 231 1
40 238 1
40 242 1
40 246 1
41 64 1
41 65 1
41 71 1
41 87 1
41 107 1
41 134 1
41 135 1
41 141 1
41 157 1
41 177 1
41 199 1
41 200 1
41 206 1
41 208 1
41 209 1
41 210 1
41 211 1
41 215 1
41 216 1
41 222 1
41 229 1
41 230 1
41 237 1
41 244 1
41 245 1
42 63 1
42 65 1
42 70 1
42 86 1
42 106 1
42 133 1
42 135 1
42 140 1
42 156 1
42 176 1
42 198 1
42 200 1
42 205 1
42 207 1
42 209 1
42 210 1
42 212 1
42 214 1
42 216 1
42 221 1
42 228 1
42 230 1
42 236 1
42 243 1
42 245 1
43 63 1
43 64 1
43 69 1
43 85 1
43 105 1
43 133 1
43 134 1
43 139 1
43 155 1
43 175 1
43 198 1
43 199 1
43 204 1
43 207 1
43 208 1
43 211 1
43 212 1
43 213 1
43 216 1
43 220 1
43 227 1
43 230 1
43 235 1
43 242 1
43 245 1
44 62 1
44 65 1
44 68 1
44 84 1
44 104 1
44 132 1
44 135 1
44 138 1
44 154 1
44 174 1
44 197 1
44 200 1
44 203 1
44 207 1
44 208 1
44 211 1
44 212 1
44 214 1
44 215 1
44 219 1
44 228 1
44 229 1
44 234 1
44 243 1
44 244 1
45 62 1
45 64 1
45 67 1
45 83 1
45 103 1
45 132 1
45 134 1
45 137 1
45 153 1
45 173 1
45 197 1
45 199 1
45 202 1
45 207 1
45 209 1
45 210 1
45 212 1
45 213 1
45 215 1
45 218 1
45 227 1
45 229 1
45 233 1
45 242 1
45 244 1
46 62 1
46 63 1
46 66 1
46 82 1
46 102 1
46 132 1
46 133 1
46 136 1
46 152 1
46 172 1
46 197 1
46 198 1
46 201 1
46 208 1
46 209 1
46 210 1
46 211 1
46 213 1
46 214 1
46 217 1
46 227 1
46 228 1
46 232 1
46 242 1
46 243 1
47 60 1
47 61 1
47 71 1
47 81 1
47 101 1
47 130 1
47 131 1
47 141 1
47 151 1
47 171 1
47 199 1
47 200 1
47 202 1
47 203 1
47 204 1
47 205 1
47 212 1
47 215 1
47 216 1
47 222 1
47 225 1
47 226 1
47 237 1
47 240 1
47 241 1
48 59 1
48 61 1
48 70 1
48 80 1
48 100 1
48 129 1
48 131 1
48 140 1
48 150 1
48 170 1
48 198 1
48 200 1
48 201 1
48 203 1
48 204 1
48 206 1
48 211 1
48 214 1
48 216 1
48 221 1
48 224 1
48 226 1
48 236 1
48 239 1
48 241 1
49 59 1
49 60 1
49 69 1
49 79 1
49 99 1
49 129 1
49 130 1
49 139 1
49 149 1
49 169 1
49 198 1
49 199 1
49 201 1
49 202 1
49 205 1
49 206 1
49 210 1
49 213 1
49 216 1
49 220 1
49 223 1
49 226 1
49 235 1
49 238 1
49 241 1
50 58 1
50 61 1
50 68 1
50 78 1
50 98 1
50 128 1
50 131 1
50 138 1
50 148 1
50 168 1
50 197 1
50 200 1
50 201 1
50 202 1
50 205 1
50 206 1
50 209 1
50 214 1
50 215 1
50 219 1
50 224 1
50 225 1
50 234 1
50 239 1
50 240 1
51 58 1
51 60 1
51 67 1
51 77 1
51 97 1
51 128 1
51 130 1
51 137 1
51 147 1
51 167 1
51 197 1
51 199 1
51 201 1
51 203 1
51 204 1
51 206 1
51 208 1
51 213 1
51 215 1
51 218 1
51 223 1
51 225 1
51 233 1
51 238 1
51 240 1
52 58 1
52 59 1
52 66 1
52 76 1
52 96 1
52 128 1
52 129 1
52 136 1
52 146 1
52 166 1
52 197 1
52 198 1
52 202 1
52 203 1
52 204 1
52 205 1
52 207 1
52 213 1
52 214 1
52 217 1
52 223 1
52 224 1
52 232 1
52 238 1
52 239 1
53 57 1
53 61 1
53 65 1
53 75 1
53 95 1
53 127 1
53 131 1
53 135 1
53 145 1
53 165 1
53 197 1
53 198 1
53 199 1
53 203 1
53 205 1
53 206 1
53 209 1
53 211 1
53 212 1
53 219 1
53 221 1
53 222 1
53 234 1
53 236 1
53 237 1
54 57 1
54 60 1
54 64 1
54 74 1
54 94 1
54 127 1
54 130 1
54 134 1
54 144 1
54 164 1
54 197 1
54 198 1
54 200 1
54 202 1
54 204 1
54 206 1
54 208 1
54 210 1
54 212 1
54 218 1
54 220 1
54 222 1
54 233 1
54 235 1
54 237 1
55 57 1
55 59 1
55 63 1
55 73 1
55 93 1
55 127 1
55 129 1
55 133 1
55 143 1
55 163 1
55 197 1
55 199 1
55 200 1
55 201 1
55 204 1
55 205 1
55 207 1
55 210 1
55 211 1
55 217 1
55 220 1
55 221 1
55 232 1
55 235 1
55 236 1
56 57 1
56 58 1
56 62 1
56 72 1
56 92 1
56 127 1
56 128 1
56 132 1
56 142 1
56 162 1
56 198 1
56 199 1
56 200 1
56 201 1
56 202 1
56 203 1
56 207 1
56 208 1
56 209 1
56 217 1
56 218 1
56 219 1
56 232 1
56 233 1
56 234 1
57 126 1
57 158 1
57 159 1
57 160 1
57 161 1
57 178 1
57 179 1
57 180 1
57 181 1
57 188 1
57 189 1
57 190 1
57 191 1
57 192 1
57 193 1
57 194 1
57 195 1
57 231 1
57 246 1
57 251 1
57 252 1
58 125 1
58 155 1
58 156 1
58 157 1
58 161 1
58 175 1
58 176 1
58 177 1
58 181 1
58 185 1
58 186 1
58 187 1
58 191 1
58 192 1
58 193 1
58 194 1
58 196 1
58 230 1
58 245 1
58 250 1
58 252 1
59 124 1
59 153 1
59 154 1
59 157 1
59 160 1
59 173 1
59 174 1
59 177 1
59 180 1
59 183 1
59 184 1
59 187 1
59 190 1
59 192 1
59 193 1
59 195 1
59 196 1
59 229 1
59 244 1
59 249 1
59 252 1
60 123 1
60 152 1
60 154 1
60 156 1
60 159 1
60 172 1
60 174 1
60 176 1
60 179 1
60 182 1
60 184 1
60 186 1
60 189 1
60 192 1
60 194 1
60 195 1
60 196 1
60 228 1
60 243 1
60 248 1
60 252 1
61 122 1
61 152 1
61 153 1
61 155 1
61 158 1
61 172 1
61 173 1
61 175 1
61 178 1
61 182 1
61 183 1
61 185 1
61 188 1
61 193 1
61 194 1
61 195 1
61 196 1
61 227 1
61 242 1
61 247 1
61 252 1
62 121 1
62 149 1
62 150 1
62 151 1
62 161 1
62 169 1
62 170 1
62 171 1
62 181 1
62 185 1
62 186 1
62 187 1
62 188 1
62 189 1
62 190 1
62 195 1
62 196 1
62 226 1
62 241 1
62 250 1
62 251 1
63 120 1
63 147 1
63 148 1
63 151 1
63 160 1
63 167 1
63 168 1
63 171 1
63 180 1
63 183 1
63 184 1
63 187 1
63 188 1
63 189 1
63 191 1
63 194 1
63 196 1
63 225 1
63 240 1
63 249 1
63 251 1
64 119 1
64 146 1
64 148 1
64 150 1
64 159 1
64 166 1
64 168 1
64 170 1
64 179 1
64 182 1
64 184 1
64 186 1
64 188 1
64 190 1
64 191 1
64 193 1
64 196 1
64 224 1
64 239 1
64 248 1
64 251 1
65 118 1
65 146 1
65 147 1
65 149 1
65 158 1
65 166 1
65 167 1
65 169 1
65 178 1
65 182 1
65 183 1
65 185 1
65 189 1
65 190 1
65 191 1
65 192 1
65 196 1
65 223 1
65 238 1
65 247 1
65 251 1
66 117 1
66 144 1
66 145 1
66 151 1
66 157 1
66 164 1
66 165 1
66 171 1
66 177 1
66 183 1
66 184 1
66 185 1
66 186 1
66 190 1
66 191 1
66 194 1
66 195 1
66 222 1
66 237 1
66 249 1
66 250 1
67 116 1
67 143 1
67 145 1
67 150 1
67 156 1
67 163 1
67 165 1
67 170 1
67 176 1
67 182 1
67 184 1
67 185 1
67 187 1
67 189 1
67 191 1
67 193 1
67 195 1
67 221 1
67 236 1
67 248 1
67 250 1
68 115 1
68 143 1
68 144 1
68 149 1
68 155 1
68 163 1
68 164 1
68 169 1
68 175 1
68 182 1
68 183 1
68 186 1
68 187 1
68 188 1
68 191 1
68 192 1
68 195 1
68 220 1
68 235 1
68 247 1
68 250 1
69 114 1
69 142 1
69 145 1
69 148 1
69 154 1
69 162 1
69 165 1
69 168 1
69 174 1
69 182 1
69 183 1
69 186 1
69 187 1
69 189 1
69 190 1
69 193 1
69 194 1
69 219 1
69 234 1
69 248 1
69 249 1
70 113 1
70 142 1
70 144 1
70 147 1
70 153 1
70 162 1
70 164 1
70 167 1
70 173 1
70 182 1
70 184 1
70 185 1
70 187 1
70 188 1
70 190 1
70 192 1
70 194 1
70 218 1
70 233 1
70 247 1
70 249 1
71 112 1
71 142 1
71 143 1
71 146 1
71 152 1
71 162 1
71 163 1
71 166 1
71 172 1
71 183 1
71 184 1
71 185 1
71 186 1
71 188 1
71 189 1
71 192 1
71 193 1
71 217 1
71 232 1
71 247 1
71 248 1
72 111 1
72 139 1
72 140 1
72 141 1
72 161 1
72 169 1
72 170 1
72 171 1
72 175 1
72 176 1
72 177 1
72 178 1
72 179 1
72 180 1
72 191 1
72 195 1
72 196 1
72 216 1
72 241 1
72 245 1
72 246 1
73 110 1
73 137 1
73 138 1
73 141 1
73 160 1
73 167 1
73 168 1
73 171 1
73 173 1
73 174 1
73 177 1
73 178 1
73 179 1
73 181 1
73 190 1
73 194 1
73 196 1
73 215 1
73 240 1
73 244 1
73 246 1
74 109 1
74 136 1
74 138 1
74 140 1
74 159 1
74 166 1
74 168 1
74 170 1
74 172 1
74 174 1
74 176 1
74 178 1
74 180 1
74 181 1
74 189 1
74 193 1
74 196 1
74 214 1
74 239 1
74 243 1
74 246 1
75 108 1
75 136 1
75 137 1
75 139 1
75 158 1
75 166 1
75 167 1
75 169 1
75 172 1
75 173 1
75 175 1
75 179 1
75 180 1
75 181 1
75 188 1
75 192 1
75 196 1
75 213 1
75 238 1
75 242 1
75 246 1
76 107 1
76 134 1
76 135 1
76 141 1
76 157 1
76 164 1
76 165 1
76 171 1
76 173 1
76 174 1
76 175 1
76 176 1
76 180 1
76 181 1
76 187 1
76 194 1
76 195 1
76 212 1
76 237 1
76 244 1
76 245 1
77 106 1
77 133 1
77 135 1
77 140 1
77 156 1
77 163 1
77 165 1
77 170 1
77 172 1
77 174 1
77 175 1
77 177 1
77 179 1
77 181 1
77 186 1
77 193 1
77 195 1
77 211 1
77 236 1
77 243 1
77 245 1
78 105 1
78 133 1
78 134 1
78 139 1
78 155 1
78 163 1
78 164 1
78 169 1
78 172 1
78 173 1
78 176 1
78 177 1
78 178 1
78 181 1
78 185 1
78 192 1
78 195 1
78 210 1
78 235 1
78 242 1
78 245 1
79 104 1
79 132 1
79 135 1
79 138 1
79 154 1
79 162 1
79 165 1
79 168 1
79 172 1
79 173 1
79 176 1
79 177 1
79 179 1
79 180 1
79 184 1
79 193 1
79 194 1
79 209 1
79 234 1
79 243 1
79 244 1
80 103 1
80 132 1
80 134 1
80 137 1
80 153 1
80 162 1
80 164 1
80 167 1
80 172 1
80 174 1
80 175 1
80 177 1
80 178 1
80 180 1
80 183 1
80 192 1
80 194 1
80 208 1
80 233 1
80 242 1
80 244 1
81 102 1
81 132 1
81 133 1
81 136 1
81 152 1
81 162 1
81 163 1
81 166 1
81 173 1
81 174 1
81 175 1
81 176 1
81 178 1
81 179 1
81 182 1
81 192 1
81 193 1
81 207 1
81 232 1
81 242 1
81 243 1
82 101 1
82 130 1
82 131 1
82 141 1
82 151 1
82 164 1
82 165 1
82 167 1
82 168 1
82 169 1
82 170 1
82 177 1
82 180 1
82 181 1
82 187 1
82 190 1
82 191 1
82 206 1
82 237 1
82 240 1
82 241 1
83 100 1
83 129 1
83 131 1
83 140 1
83 150 1
83 163 1
83 165 1
83 166 1
83 168 1
83 169 1
83 171 1
83 176 1
83 179 1
83 181 1
83 186 1
83 189 1
83 191 1
83 205 1
83 236 1
83 239 1
83 241 1
84 99 1
84 129 1
84 130 1
84 139 1
84 149 1
84 163 1
84 164 1
84 166 1
84 167 1
84 170 1
84 171 1
84 175 1
84 178 1
84 181 1
84 185 1
84 188 1
84 191 1
84 204 1
84 235 1
84 238 1
84 241 1
85 98 1
85 128 1
85 131 1
85 138 1
85 148 1
85 162 1
85 165 1
85 166 1
85 167 1
85 170 1
85 171 1
85 174 1
85 179 1
85 180 1
85 184 1
85 189 1
85 190 1
85 203 1
85 234 1
85 239 1
85 240 1
86 97 1
86 128 1
86 130 1
86 137 1
86 147 1
86 162 1
86 164 1
86 166 1
86 168 1
86 169 1
86 171 1
86 173 1
86 178 1
86 180 1
86 183 1
86 188 1
86 190 1
86 202 1
86 233 1
86 238 1
86 240 1
87 96 1
87 128 1
87 129 1
87 136 1
87 146 1
87 162 1
87 163 1
87 167 1
87 168 1
87 169 1
87 170 1
87 172 1
87 178 1
87 179 1
87 182 1
87 188 1
87 189 1
87 201 1
87 232 1
87 238 1
87 239 1
88 95 1
88 127 1
88 131 1
88 135 1
88 145 1
88 162 1
88 163 1
88 164 1
88 168 1
88 170 1
88 171 1
88 174 1
88 176 1
88 177 1
88 184 1
88 186 1
88 187 1
88 200 1
88 234 1
88 236 1
88 237 1
89 94 1
89 127 1
89 130 1
89 134 1
89 144 1
89 162 1
89 163 1
89 165 1
89 167 1
89 169 1
89 171 1
89 173 1
89 175 1
89 177 1
89 183 1
89 185 1
89 187 1
89 199 1
89 233 1
89 235 1
89 237 1
90 93 1
90 127 1
90 129 1
90 133 1
90 143 1
90 162 1
90 164 1
90 165 1
90 166 1
90 169 1
90 170 1
90 172 1
90 175 1
90 176 1
90 182 1
90 185 1
90 186 1
90 198 1
90 232 1
90 235 1
90 236 1
91 92 1
91 127 1
91 128 1
91 132 1
91 142 1
91 163 1
91 164 1
91 165 1
91 166 1
91 167 1
91 168 1
91 172 1
91 173 1
91 174 1
91 182 1
91 183 1
91 184 1
91 197 1
91 232 1
91 233 1
91 234 1
92 139 1
92 140 1
92 141 1
92 149 1
92 150 1
92 151 1
92 155 1
92 156 1
92 157 1
92 158 1
92 159 1
92 160 1
92 181 1
92 191 1
92 195 1
92 196 1
92 216 1
92 226 1
92 230 1
92 231 1
93 137 1
93 138 1
93 141 1
93 147 1
93 148 1
93 151 1
93 153 1
93 154 1
93 157 1
93 158 1
93 159 1
93 161 1
93 180 1
93 190 1
93 194 1
93 196 1
93 215 1
93 225 1
93 229 1
93 231 1
94 136 1
94 138 1
94 140 1
94 146 1
94 148 1
94 150 1
94 152 1
94 154 1
94 156 1
94 158 1
94 160 1
94 161 1
94 179 1
94 189 1
94 193 1
94 196 1
94 214 1
94 224 1
94 228 1
94 231 1
95 136 1
95 137 1
95 139 1
95 146 1
95 147 1
95 149 1
95 152 1
95 153 1
95 155 1
95 159 1
95 160 1
95 161 1
95 178 1
95 188 1
95 192 1
95 196 1
95 213 1
95 223 1
95 227 1
95 231 1
96 134 1
96 135 1
96 141 1
96 144 1
96 145 1
96 151 1
96 153 1
96 154 1
96 155 1
96 156 1
96 160 1
96 161 1
96 177 1
96 187 1
96 194 1
96 195 1
96 212 1
96 222 1
96 229 1
96 230 1
97 133 1
97 135 1
97 140 1
97 143 1
97 145 1
97 150 1
97 152 1
97 154 1
97 155 1
97 157 1
97 159 1
97 161 1
97 176 1
97 186 1
97 193 1
97 195 1
97 211 1
97 221 1
97 228 1
97 230 1
98 133 1
98 134 1
98 139 1
98 143 1
98 144 1
98 149 1
98 152 1
98 153 1
98 156 1
98 157 1
98 158 1
98 161 1
98 175 1
98 185 1
98 192 1
98 195 1
98 210 1
98 220 1
98 227 1
98 230 1
99 132 1
99 135 1
99 138 1
99 142 1
99 145 1
99 148 1
99 152 1
99 153 1
99 156 1
99 157 1
99 159 1
99 160 1
99 174 1
99 184 1
99 193 1
99 194 1
99 209 1
99 219 1
99 228 1
99 229 1
100 132 1
100 134 1
100 137 1
100 142 1
100 144 1
100 147 1
100 152 1
100 154 1
100 155 1
100 157 1
100 158 1
100 160 1
100 173 1
100 183 1
100 192 1
100 194 1
100 208 1
100 218 1
100 227 1
100 229 1
101 132 1
101 133 1
101 136 1
101 142 1
101 143 1
101 146 1
101 153 1
101 154 1
101 155 1
101 156 1
101 158 1
101 159 1
101 172 1
101 182 1
101 192 1
101 193 1
101 207 1
101 217 1
101 227 1
101 228 1
102 130 1
102 131 1
102 141 1
102 144 1
102 145 1
102 147 1
102 148 1
102 149 1
102 150 1
102 157 1
102 160 1
102 161 1
102 171 1
102 187 1
102 190 1
102 191 1
102 206 1
102 222 1
102 225 1
102 226 1
103 129 1
103 131 1
103 140 1
103 143 1
103 145 1
103 146 1
103 148 1
103 149 1
103 151 1
103 156 1
103 159 1
103 161 1
103 170 1
103 186 1
103 189 1
103 191 1
103 205 1
103 221 1
103 224 1
103 226 1
104 129 1
104 130 1
104 139 1
104 143 1
104 144 1
104 146 1
104 147 1
104 150 1
104 151 1
104 155 1
104 158 1
104 161 1
104 169 1
104 185 1
104 188 1
104 191 1
104 204 1
104 220 1
104 223 1
104 226 1
105 128 1
105 131 1
105 138 1
105 142 1
105 145 1
105 146 1
105 147 1
105 150 1
105 151 1
105 154 1
105 159 1
105 160 1
105 168 1
105 184 1
105 189 1
105 190 1
105 203 1
105 219 1
105 224 1
105 225 1
106 128 1
106 130 1
106 137 1
106 142 1
106 144 1
106 146 1
106 148 1
106 149 1
106 151 1
106 153 1
106 158 1
106 160 1
106 167 1
106 183 1
106 188 1
106 190 1
106 202 1
106 218 1
106 223 1
106 225 1
107 128 1
107 129 1
107 136 1
107 142 1
107 143 1
107 147 1
107 148 1
107 149 1
107 150 1
107 152 1
107 158 1
107 159 1
107 166 1
107 182 1
107 188 1
107 189 1
107 201 1
107 217 1
107 223 1
107 224 1
108 127 1
108 131 1
108 135 1
108 142 1
108 143 1
108 144 1
108 148 1
108 150 1
108 151 1
108 154 1
108 156 1
108 157 1
108 165 1
108 184 1
108 186 1
108 187 1
108 200 1
108 219 1
108 221 1
108 222 1
109 127 1
109 130 1
109 134 1
109 142 1
109 143 1
109 145 1
109 147 1
109 149 1
109 151 1
109 153 1
109 155 1
109 157 1
109 164 1
109 183 1
109 185 1
109 187 1
109 199 1
109 218 1
109 220 1
109 222 1
110 127 1
110 129 1
110 133 1
110 142 1
110 144 1
110 145 1
110 146 1
110 149 1
110 150 1
110 152 1
110 155 1
110 156 1
110 163 1
110 182 1
110 185 1
110 186 1
110 198 1
110 217 1
110 220 1
110 221 1
111 127 1
111 128 1
111 132 1
111 143 1
111 144 1
111 145 1
111 146 1
111 147 1
111 148 1
111 152 1
111 153 1
111 154 1
111 162 1
111 182 1
111 183 1
111 184 1
111 197 1
111 217 1
111 218 1
111 219 1
112 130 1
112 131 1
112 134 1
112 135 1
112 137 1
112 138 1
112 139 1
112 140 1
112 151 1
112 157 1
112 160 1
112 161 1
112 171 1
112 177 1
112 180 1
112 181 1
112 206 1
112 212 1
112 215 1
112 216 1
113 129 1
113 131 1
113 133 1
113 135 1
113 136 1
113 138 1
113 139 1
113 141 1
113 150 1
113 156 1
113 159 1
113 161 1
113 170 1
113 176 1
113 179 1
113 181 1
113 205 1
113 211 1
113 214 1
113 216 1
114 129 1
114 130 1
114 133 1
114 134 1
114 136 1
114 137 1
114 140 1
114 141 1
114 149 1
114 155 1
114 158 1
114 161 1
114 169 1
114 175 1
114 178 1
114 181 1
114 204 1
114 210 1
114 213 1
114 216 1
115 128 1
115 131 1
115 132 1
115 135 1
115 136 1
115 137 1
115 140 1
115 141 1
115 148 1
115 154 1
115 159 1
115 160 1
115 168 1
115 174 1
115 179 1
115 180 1
115 203 1
115 209 1
115 214 1
115 215 1
116 128 1
116 130 1
116 132 1
116 134 1
116 136 1
116 138 1
116 139 1
116 141 1
116 147 1
116 153 1
116 158 1
116 160 1
116 167 1
116 173 1
116 178 1
116 180 1
116 202 1
116 208 1
116 213 1
116 215 1
117 128 1
117 129 1
117 132 1
117 133 1
117 137 1
117 138 1
117 139 1
117 140 1
117 146 1
117 152 1
117 158 1
117 159 1
117 166 1
117 172 1
117 178 1
117 179 1
117 201 1
117 207 1
117 213 1
117 214 1
118 127 1
118 131 1
118 132 1
118 133 1
118 134 1
118 138 1
118 140 1
118 141 1
118 145 1
118 154 1
118 156 1
118 157 1
118 165 1
118 174 1
118 176 1
118 177 1
118 200 1
118 209 1
118 211 1
118 212 1
119 127 1
119 130 1
119 132 1
119 133 1
119 135 1
119 137 1
119 139 1
119 141 1
119 144 1
119 153 1
119 155 1
119 157 1
119 164 1
119 173 1
119 175 1
119 177 1
119 199 1
119 208 1
119 210 1
119 212 1
120 127 1
120 129 1
120 132 1
120 134 1
120 135 1
120 136 1
120 139 1
120 140 1
120 143 1
120 152 1
120 155 1
120 156 1
120 163 1
120 172 1
120 175 1
120 176 1
120 198 1
120 207 1
120 210 1
120 211 1
121 127 1
121 128 1
121 133 1
121 134 1
121 135 1
121 136 1
121 137 1
121 138 1
121 142 1
121 152 1
121 153 1
121 154 1
121 162 1
121 172 1
121 173 1
121 174 1
121 197 1
121 207 1
121 208 1
121 209 1
122 127 1
122 128 1
122 129 1
122 130 1
122 135 1
122 138 1
122 140 1
122 141 1
122 145 1
122 148 1
122 150 1
122 151 1
122 165 1
122 168 1
122 170 1
122 171 1
122 200 1
122 203 1
122 205 1
122 206 1
123 127 1
123 128 1
123 129 1
123 131 1
123 134 1
123 137 1
123 139 1
123 141 1
123 144 1
123 147 1
123 149 1
123 151 1
123 164 1
123 167 1
123 169 1
123 171 1
123 199 1
123 202 1
123 204 1
123 206 1
124 127 1
124 128 1
124 130 1
124 131 1
124 133 1
124 136 1
124 139 1
124 140 1
124 143 1
124 146 1
124 149 1
124 150 1
124 163 1
124 166 1
124 169 1
124 170 1
124 198 1
124 201 1
124 204 1
124 205 1
125 127 1
125 129 1
125 130 1
125 131 1
125 132 1
125 136 1
125 137 1
125 138 1
125 142 1
125 146 1
125 147 1
125 148 1
125 162 1
125 166 1
125 167 1
125 168 1
125 197 1
125 201 1
125 202 1
125 203 1
126 128 1
126 129 1
126 130 1
126 131 1
126 132 1
126 133 1
126 134 1
126 135 1
126 142 1
126 143 1
126 144 1
126 145 1
126 162 1
126 163 1
126 164 1
126 165 1
126 197 1
126 198 1
126 199 1
126 200 1
127 196 1
127 231 1
127 246 1
127 251 1
127 252 1
128 195 1
128 230 1
128 245 1
128 250 1
128 252 1
129 194 1
129 229 1
129 244 1
129 249 1
129 252 1
130 193 1
130 228 1
130 243 1
130 248 1
130 252 1
131 192 1
131 227 1
131 242 1
131 247 1
131 252 1
132 191 1
132 226 1
132 241 1
132 250 1
132 251 1
133 190 1
133 225 1
133 240 1
133 249 1
133 251 1
134 189 1
134 224 1
134 239 1
134 248 1
134 251 1
135 188 1
135 223 1
135 238 1
135 247 1
135 251 1
136 187 1
136 222 1
136 237 1
136 249 1
136 250 1
137 186 1
137 221 1
137 236 1
137 248 1
137 250 1
138 185 1
138 220 1
138 235 1
138 247 1
138 250 1
139 184 1
139 219 1
139 234 1
139 248 1
139 249 1
140 183 1
140 218 1
140 233 1
140 247 1
140 249 1
141 182 1
141 217 1
141 232 1
141 247 1
141 248 1
142 181 1
142 216 1
142 241 1
142 245 1
142 246 1
143 180 1
143 215 1
143 240 1
143 244 1
143 246 1
144 179 1
144 214 1
144 239 1
144 243 1
144 246 1
145 178 1
145 213 1
145 238 1
145 242 1
145 246 1
146 177 1
146 212 1
146 237 1
146 244 1
146 245 1
147 176 1
147 211 1
147 236 1
147 243 1
147 245 1
148 175 1
148 210 1
148 235 1
148 242 1
148 245 1
149 174 1
149 209 1
149 234 1
149 243 1
149 244 1
150 173 1
150 208 1
150 233 1
150 242 1
150 244 1
151 172 1
151 207 1
151 232 1
151 242 1
151 243 1
152 171 1
152 206 1
152 237 1
152 240 1
152 241 1
153 170 1
153 205 1
153 236 1
153 239 1
153 241 1
154 169 1
154 204 1
154 235 1
154 238 1
154 241 1
155 168 1
155 203 1
155 234 1
155 239 1
155 240 1
156 167 1
156 202 1
156 233 1
156 238 1
156 240 1
157 166 1
157 201 1
157 232 1
157 238 1
157 239 1
158 165 1
158 200 1
158 234 1
158 236 1
158 237 1
159 164 1
159 199 1
159 233 1
159 235 1
159 237 1
160 163 1
160 198 1
160 232 1
160 235 1
160 236 1
161 162 1
161 197 1
161 232 1
161 233 1
161 234 1
162 216 1
162 226 1
162 230 1
162 231 1
163 215 1
163 225 1
163 229 1
163 231 1
164 214 1
164 224 1
164 228 1
164 231 1
165 213 1
165 223 1
165 227 1
165 231 1
166 212 1
166 222 1
166 229 1
166 230 1
167 211 1
167 221 1
167 228 1
167 230 1
168 210 1
168 220 1
168 227 1
168 230 1
169 209 1
169 219 1
169 228 1
169 229 1
170 208 1
170 218 1
170 227 1
170 229 1
171 207 1
171 217 1
171 227 1
171 228 1
172 206 1
172 222 1
172 225 1
172 226 1
173 205 1
173 221 1
173 224 1
173 226 1
174 204 1
174 220 1
174 223 1
174 226 1
175 203 1
175 219 1
175 224 1
175 225 1
176 202 1
176 218 1
176 223 1
176 225 1
177 201 1
177 217 1
177 223 1
177 224 1
178 200 1
178 219 1
178 221 1
178 222 1
179 199 1
179 218 1
179 220 1
179 222 1
180 198 1
180 217 1
180 220 1
180 221 1
181 197 1
181 217 1
181 218 1
181 219 1
182 206 1
182 212 1
182 215 1
182 216 1
183 205 1
183 211 1
183 214 1
183 216 1
184 204 1
184 210 1
184 213 1
184 216 1
185 203 1
185 209 1
185 214 1
185 215 1
186 202 1
186 208 1
186 213 1
186 215 1
187 201 1
187 207 1
187 213 1
187 214 1
188 200 1
188 209 1
188 211 1
188 212 1
189 199 1
189 208 1
189 210 1
189 212 1
190 198 1
190 207 1
190 210 1
190 211 1
191 197 1
191 207 1
191 208 1
191 209 1
192 200 1
192 203 1
192 205 1
192 206 1
193 199 1
193 202 1
193 204 1
193 206 1
194 198 1
194 201 1
194 204 1
194 205 1
195 197 1
195 201 1
195 202 1
195 203 1
196 197 1
196 198 1
196 199 1
196 200 1
